536870912      # minimum threat level
7      # false alarm threshold
612032832
440234144
429496704
869730880
450971552
64424508
848256000
171798688
236223200
418759296
901943104
386547040
343597376
279172864
257698032
826781184
397284480
526133472
569083136
450971552
826781184
300647712
912680512
418759296
75161928
869730880
977105024
944892800
257698032
665719936
547608320
289910272
751619264
193273520
536870912
633507648
676457344
322122528
461708960
740881856
569083136
526133472
354334784
343597376
246960608
579820544
150323856
1009317312
826781184
397284480
429496704
182536112
96636760
483183808
783831488
440234144
1009317312
171798688
966367616
332859968
21474836
590558016
32212254
654982528
955630208
1041529536
504658656
783831488
644245056
1009317312
955630208
225485776
869730880
472446400
590558016
1030792128
504658656
450971552
944892800
719406976
783831488
268435456
257698032
332859968
204010944
75161928
85899344
440234144
75161928
32212254
150323856
816043776
751619264
1020054720
590558016
1009317312
483183808
64424508
783831488
182536112
268435456
697932160
1052266944
730144448
182536112
354334784
987842432
64424508
85899344
687194752
429496704
150323856
1052266944
139586432
848256000
150323856
1030792128
332859968
590558016
1052266944
966367616
762356672
998579904
944892800
923417920
1073741825
1009317312
955630208
955630208
891205696
762356672
901943104
622770240
644245056
1020054720
998579904
1020054720
161061264
375809632
536870912
279172864
773094080
483183808
526133472
461708960
10737418
708669568
923417920
64424508
225485776
64424508
955630208
504658656
912680512
751619264
21474836
75161928
32212254
450971552
1063004352
880468288
998579904
504658656
762356672
837518592
837518592
1030792128
493921216
279172864
1073741825
569083136
826781184
193273520
891205696
96636760
1073741825
783831488
408021888
0
171798688
300647712
934155392
311385120
257698032
332859968
708669568
762356672
450971552
740881856
397284480
300647712
536870912
730144448
365072224
1063004352
107374176
440234144
311385120
311385120
21474836
891205696
128849016
762356672
1009317312
418759296
837518592
397284480
85899344
816043776
1009317312
193273520
365072224
182536112
923417920
128849016
751619264
1063004352
236223200
429496704
42949672
751619264
547608320
161061264
526133472
773094080
1073741825
1030792128
762356672
193273520
42949672
622770240
687194752
977105024
1009317312
279172864
536870912
622770240
536870912
848256000
977105024
730144448
880468288
107374176
526133472
633507648
397284480
408021888
354334784
880468288
762356672
1030792128
644245056
912680512
966367616
1073741825
719406976
740881856
665719936
171798688
75161928
891205696
418759296
762356672
440234144
375809632
472446400
880468288
708669568
977105024
719406976
998579904
612032832
10737418
0
547608320
236223200
558345728
558345728
526133472
569083136
182536112
783831488
590558016
225485776
955630208
42949672
150323856
440234144
966367616
461708960
343597376
665719936
536870912
246960608
880468288
687194752
848256000
579820544
268435456
536870912
697932160
891205696
987842432
783831488
204010944
418759296
1073741825
343597376
762356672
322122528
440234144
569083136
1073741825
526133472
719406976
225485776
214748352
139586432
386547040
547608320
1041529536
644245056
697932160
246960608
375809632
53687088
977105024
966367616
107374176
311385120
75161928
654982528
493921216
697932160
53687088
311385120
193273520
1030792128
128849016
107374176
773094080
901943104
579820544
75161928
794568960
225485776
300647712
687194752
408021888
21474836
794568960
150323856
955630208
794568960
816043776
375809632
590558016
386547040
558345728
386547040
826781184
590558016
858993408
558345728
977105024
708669568
182536112
150323856
644245056
612032832
569083136
751619264
762356672
257698032
977105024
601295424
42949672
322122528
0
966367616
332859968
1052266944
590558016
622770240
901943104
365072224
332859968
633507648
612032832
182536112
139586432
10737418
740881856
816043776
805306368
740881856
783831488
161061264
365072224
987842432
934155392
923417920
880468288
923417920
676457344
687194752
257698032
472446400
204010944
762356672
85899344
64424508
182536112
762356672
193273520
150323856
300647712
21474836
0
1052266944
934155392
837518592
612032832
236223200
880468288
171798688
751619264
289910272
193273520
612032832
182536112
246960608
901943104
901943104
472446400
966367616
204010944
21474836
472446400
85899344
450971552
171798688
483183808
311385120
955630208
343597376
880468288
816043776
848256000
590558016
440234144
579820544
837518592
654982528
75161928
128849016
279172864
1052266944
32212254
397284480
257698032
1063004352
450971552
901943104
536870912
612032832
697932160
64424508
246960608
128849016
901943104
869730880
633507648
590558016
601295424
32212254
612032832
483183808
665719936
998579904
225485776
279172864
1063004352
762356672
987842432
483183808
515396064
397284480
214748352
246960608
869730880
204010944
966367616
236223200
429496704
365072224
182536112
483183808
214748352
1020054720
-2
